{
 "cells": [
  {
   "cell_type": "markdown",
   "metadata": {},
   "source": [
    "## 이 노트북으로 Introduction to Statistical Learning의 Python 실습을 마칩니다.  6장, 7장은 없습니다. \n",
    "\n",
    "R로 실습을 가르치다 Python으로 해 보면 좋겠다 생각해 작년에 시작한 것을 이번에 마쳐 기분이 좋습니다. 코딩 설명을 했으면 좋았을 터인데 아쉬움도 있습니다. 나 역시 코딩, 특히 plotting/시각화는 쉽지 않습니다. 여기 저기 구글링, stackoverflow 찾으면서 합니다. 코딩을 할 때 참조했던 링크를 달도록 노력했습니다. 이 실습은 scikit-learn 0.17 버젼으로 되었습니다. 지금은 0.18이고 앞으로도 버전이 올라가겠지만 패키지들을 적절히 import하는 것은 어렵지 않을 것 같습니다. \n",
    "\n",
    "**꼰대 말 : **\n",
    "\n",
    "교재로 쓴 \"Introduction to Statistical Learning\"은 Data Science나 Machine의 기초 개념을 익히기에 좋은 책입니다. 실무서에 가깝고요. 실무(진짜) 데이터 사이언티스트와 머신러닝 알고리즘을 적용하는 개발자들이 최소한 갖추어야 하는 소양을 친절하게, 때론 유머스럽게 이처럼 잘 쓴 글 보기 힘듭니다. 이 분야 공부를 시작하시는 분들은 이 책으로, 자세히 몇 번 보시기를 권합니다. Python으로 하시면 이 실습 내용을 함께 보시고요. 시작할 때 좋은 멘토 만나고, 맞는 방향을 잡아야 나쁜 습관 안 배우고, 가짜나 사기꾼 안되고, 세상에 도움이 되는 사람이 됩니다.    \n",
    "\n",
    "### Machine Learning을 진짜 공부하려면,\n",
    "\n",
    "우리나라에도 좋은 강의가 있을 터이지만, 해외에는 정말 좋은 것 많습니다. 영어를 배워서라도...  Coursera 같은 곳에서 제공하는 과목들은 많이 알려져 있으니 패스하고,\n",
    "- 카네기멜론대학(CMU)의 [머신러닝 강의](http://www.cs.cmu.edu/~epxing/Class/10701/)입니다. **정통적인 머신러닝 수업**입니다. 대학원 과목이지만 한 학기에 그 많은 내용을 한다는 것이 굉장합니다. [2015년 강의자료와 비디오](http://www.cs.cmu.edu/~epxing/Class/10701/lecture.html)는 물론, [10년 이전 강의내용](http://www.cs.cmu.edu/~epxing/Class/10701/previous-pages.html)이 다 있습니다. 옛날 것은 Tom Mitchell이 강의했습니다. 머신러닝의 변천도 엿볼 수 있죠. 도전해 보세요.\n",
    "\n",
    "----------\n",
    "\n",
    "# Chapter 10 - Unsupervised Learning \n",
    "## 정답도, 선생님도 없는데 무엇을 배우나?  \n",
    "* [Principal Component Analysis](http://scikit-learn.org/0.17/modules/decomposition.html#principal-component-analysis-pca) (PCA)\n",
    "* Clustering\n",
    " - [K-Means Clustering](http://scikit-learn.org/0.17/modules/clustering.html#k-means)\n",
    " - [Hierarchical Clustering](http://scikit-learn.org/0.17/modules/clustering.html#hierarchical-clustering),   [SciPy - Hierarchical Clustering](https://docs.scipy.org/doc/scipy/reference/cluster.hierarchy.html)\n",
    "\n",
    "  \n",
    "## Principal Component Analysis (PCA)는,\n",
    "- Correlated 된 high-dimensional 변수(feature)들을 Principal Component라 하는 lower-dimensional linearly uncorrelated (Principal) 공간내의 변수들로 바꾸어 준다. 원 feature들을 (원래) 벡터 공간(vector space)에서 Principal Component 서브 공간 (sub space)으로 projection/변환한다고 함. \n",
    "- Dimensionality reduction (feature들의 개수/차원 줄이기), 탐색적 데이터 분석, 노이즈 줄이기, Supervised Learning의 전처리 등 여러 목적에 쓰임 \n",
    "- Principal Component Analysis 개념을 feature data matrix 'X'의 ***covariance matrix***에 eigenvector/eigenvalue decomposition 적용으로 이해하면 쉬움. 원래 데이터가 nxp (n 샘플, p features) 행렬이라면, \n",
    " 1. p개의 feature된 data matrix를 standardize (zero mean, sd=1)\n",
    " 2. Data matrix으로부터 Covariance matrix를 만들고,\n",
    " 3. Covariance matrix를 eigenvalue/eigenvector 로 decompose\n",
    " 4. 가장 큰 eigenvalue를 갖는 eigenvector부터 시작해 top k개의 eigenvector들을 선택 (k<=p, 이 eigenvector들이 principal component loading). 가장 큰 eigenvalue에 해당되는 eigenvector가 PC1(loading), 두번째로 큰 eigenvector에 해당되는 eigenvector가 PC2(loading) ....\n",
    " 5. k개의 eigenvector로 projection/loading matrix를 만들어, 이를 이용해 원래 p-차원상의 데이터를 k-차원의 principal component 서브 공간의 데이터로 변환(transform 또는 projection 한다고) 하여 principal component score를 만듬.  \n",
    "- 어떤 공간/시스템상의 정보를 다른 공간/시스템으로 변환하는 데 많이 쓰이는 방법으로 Fourier Transform, Cosine Transform, Wavelet Transform 등이 있는데 PCA는 간단한 기술 \n",
    "- 정보를 다른 형태로 변환해도 원래 정보를 잃지 않는 그런 기술들이 있음이 다행. 오래 전 20대에 Fourier transform, Wavelet을 알고 \"Numerical Recipes in C\"를 보며 프로그램을 짜면서 그 원리를 세세히 느꼈을 때의 느낌이 소중한 경험. 이론과 실제가 그리 맞을 수 있음이 신기함, 이런 것들을 우리에게 공짜로 준 선배들에 대한 고마움을 후배들도 직접 느껴보면 좋을 듯.   \n",
    "- PCA는 covariance matrix에 eigenvalue/eigenvector 적용함이 어떤 의미인가를 이해함이 필요하기에 선형대수학 기본을 알고 있는지 평가하기에도 좋음    \n",
    "- 원래 feature/변수들간의 관계가 non-linear하면 linear transform에 의존하는 (일반) PCA는 잘 동작하지 않음 (Kernelized PCA 이용할 수도) \n",
    "- Python scikit-learn에서는 SVD 방법으로 Eigen Vector/PCA 계산. Feature 가 많아질수록 급격히 계산 많아짐.  따라서 (단순) PCA는 scalable 하지 않음\n",
    "#### [참고1](https://www.cs.princeton.edu/picasso/mats/PCA-Tutorial-Intuition_jp.pdf), [참고2](https://ko.wikipedia.org/wiki/%EC%A3%BC%EC%84%B1%EB%B6%84_%EB%B6%84%EC%84%9D)\n",
    "\n",
    "## Clustering (군집화)는,\n",
    "- 유유상종. 비슷한, 공통된 특성을 보이는 것들끼리 모으는 일.  \n",
    "- 공통적인 특성이라 하는데, 비슷한/공통적인 것을 어떻게 재나?  무엇을 보고 특성이라 하나?  \n",
    "- 선생님(정답, 레이블)이 없어 clustering을 인도해줄 절대적인 존재가 없다.\n",
    "- 하지만 데이터 자체가 어떤 정보를 갖고 있다면 (즉 random noise가 아니라면), 데이터는 어떤 구조를 갖고 있을 것이다. Unsupervised learning/Clustering은 데이터에 이런 구조가 있는지 찾아보고, 구조에서 정보를 추출하고, 패턴 같은 것이 보이면 이에 따라 공통된 특성들을 보이는 것들끼리 그룹핑이 가능한 가 등을 따지는 일 \n",
    "- 사실, 비슷한 것들끼리 묶음은, 그 행위를 할 수 있다는 자체가 대상을 구별할 수 있다는 뜻. **구별함**은 **추상화**와 매우 밀접.  \n",
    "- 사람은 잡음과 언어를 구별한다. 또, 조금 신경쓰면 비롯 말 그 자체는 이해 못하지만 영어하는 사람들과 콩고말 하는 사람들이 있으면 그 둘을 그룹핑할 수 있다. 이 경우 콩고말 하는 사람들에 남,녀,노,소 다 있지만 그 사람들이 내는 소리에 따라 구별해 clustering 했다. 즉, 한 특성 (소리)에 집중해 묶었고 그들에게 \"콩고사람\" 이라는 레이블을 붙였다. 굉장할 필터링, 추상화, 정보 압축/요약을 한 것. 우린 살면서 이런 저런 clustering을 수도 없이 한다. \n",
    "- 관찰/탐색, 구별함, 추상화, 요약/추상화 한 것에 이름(심볼) 붙이기 ....  인지과정, 지능으로 곧바로 연결됨.  \n",
    "- Unsupervised learning은 이런 것! 클러스터링에는 정답이 없다. 어렵다. \n",
    "- 따라서, 자유롭게 상상하며, 데이터를 변환해 보고, 모델을 바꾸어보자. 자유로움, 창의적 생각이 가장 큰 무기.  \n"
   ]
  },
  {
   "cell_type": "code",
   "execution_count": 1,
   "metadata": {
    "collapsed": false
   },
   "outputs": [],
   "source": [
    "import pandas as pd\n",
    "import numpy as np\n",
    "import matplotlib.pyplot as plt\n",
    "import seaborn as sns\n",
    "\n",
    "from sklearn import decomposition\n",
    "from sklearn import preprocessing\n",
    "from sklearn import metrics  \n",
    "\n",
    "%matplotlib inline\n",
    "plt.style.use('seaborn-white')"
   ]
  },
  {
   "cell_type": "markdown",
   "metadata": {},
   "source": [
    "## 10.4 Lab 1: Principal Component Analysis\n",
    "** 데이터 로딩 및 점검 ** "
   ]
  },
  {
   "cell_type": "code",
   "execution_count": 2,
   "metadata": {
    "collapsed": false
   },
   "outputs": [
    {
     "name": "stdout",
     "output_type": "stream",
     "text": [
      "<class 'pandas.core.frame.DataFrame'>\n",
      "Index: 50 entries, Alabama to Wyoming\n",
      "Data columns (total 4 columns):\n",
      "Murder      50 non-null float64\n",
      "Assault     50 non-null int64\n",
      "UrbanPop    50 non-null int64\n",
      "Rape        50 non-null float64\n",
      "dtypes: float64(2), int64(2)\n",
      "memory usage: 2.0+ KB\n",
      "None\n"
     ]
    },
    {
     "data": {
      "text/html": [
       "<div>\n",
       "<table border=\"1\" class=\"dataframe\">\n",
       "  <thead>\n",
       "    <tr style=\"text-align: right;\">\n",
       "      <th></th>\n",
       "      <th>Murder</th>\n",
       "      <th>Assault</th>\n",
       "      <th>UrbanPop</th>\n",
       "      <th>Rape</th>\n",
       "    </tr>\n",
       "  </thead>\n",
       "  <tbody>\n",
       "    <tr>\n",
       "      <th>Alabama</th>\n",
       "      <td>13.2</td>\n",
       "      <td>236</td>\n",
       "      <td>58</td>\n",
       "      <td>21.2</td>\n",
       "    </tr>\n",
       "    <tr>\n",
       "      <th>Alaska</th>\n",
       "      <td>10.0</td>\n",
       "      <td>263</td>\n",
       "      <td>48</td>\n",
       "      <td>44.5</td>\n",
       "    </tr>\n",
       "    <tr>\n",
       "      <th>Arizona</th>\n",
       "      <td>8.1</td>\n",
       "      <td>294</td>\n",
       "      <td>80</td>\n",
       "      <td>31.0</td>\n",
       "    </tr>\n",
       "  </tbody>\n",
       "</table>\n",
       "</div>"
      ],
      "text/plain": [
       "         Murder  Assault  UrbanPop  Rape\n",
       "Alabama    13.2      236        58  21.2\n",
       "Alaska     10.0      263        48  44.5\n",
       "Arizona     8.1      294        80  31.0"
      ]
     },
     "execution_count": 2,
     "metadata": {},
     "output_type": "execute_result"
    }
   ],
   "source": [
    "# Load Data and Inspect \n",
    "USArrests = pd.read_csv('../Data/USArrests.csv', index_col=0)\n",
    "print(USArrests.info())\n",
    "USArrests.head(3)"
   ]
  },
  {
   "cell_type": "markdown",
   "metadata": {},
   "source": [
    "USArrests: 50 x 4 DataFrame. Null 이 없고 모두 숫자"
   ]
  },
  {
   "cell_type": "code",
   "execution_count": 3,
   "metadata": {
    "collapsed": false
   },
   "outputs": [
    {
     "data": {
      "text/html": [
       "<div>\n",
       "<table border=\"1\" class=\"dataframe\">\n",
       "  <thead>\n",
       "    <tr style=\"text-align: right;\">\n",
       "      <th></th>\n",
       "      <th>Murder</th>\n",
       "      <th>Assault</th>\n",
       "      <th>UrbanPop</th>\n",
       "      <th>Rape</th>\n",
       "    </tr>\n",
       "  </thead>\n",
       "  <tbody>\n",
       "    <tr>\n",
       "      <th>count</th>\n",
       "      <td>50.00000</td>\n",
       "      <td>50.000000</td>\n",
       "      <td>50.000000</td>\n",
       "      <td>50.000000</td>\n",
       "    </tr>\n",
       "    <tr>\n",
       "      <th>mean</th>\n",
       "      <td>7.78800</td>\n",
       "      <td>170.760000</td>\n",
       "      <td>65.540000</td>\n",
       "      <td>21.232000</td>\n",
       "    </tr>\n",
       "    <tr>\n",
       "      <th>std</th>\n",
       "      <td>4.35551</td>\n",
       "      <td>83.337661</td>\n",
       "      <td>14.474763</td>\n",
       "      <td>9.366385</td>\n",
       "    </tr>\n",
       "    <tr>\n",
       "      <th>min</th>\n",
       "      <td>0.80000</td>\n",
       "      <td>45.000000</td>\n",
       "      <td>32.000000</td>\n",
       "      <td>7.300000</td>\n",
       "    </tr>\n",
       "    <tr>\n",
       "      <th>25%</th>\n",
       "      <td>4.07500</td>\n",
       "      <td>109.000000</td>\n",
       "      <td>54.500000</td>\n",
       "      <td>15.075000</td>\n",
       "    </tr>\n",
       "    <tr>\n",
       "      <th>50%</th>\n",
       "      <td>7.25000</td>\n",
       "      <td>159.000000</td>\n",
       "      <td>66.000000</td>\n",
       "      <td>20.100000</td>\n",
       "    </tr>\n",
       "    <tr>\n",
       "      <th>75%</th>\n",
       "      <td>11.25000</td>\n",
       "      <td>249.000000</td>\n",
       "      <td>77.750000</td>\n",
       "      <td>26.175000</td>\n",
       "    </tr>\n",
       "    <tr>\n",
       "      <th>max</th>\n",
       "      <td>17.40000</td>\n",
       "      <td>337.000000</td>\n",
       "      <td>91.000000</td>\n",
       "      <td>46.000000</td>\n",
       "    </tr>\n",
       "  </tbody>\n",
       "</table>\n",
       "</div>"
      ],
      "text/plain": [
       "         Murder     Assault   UrbanPop       Rape\n",
       "count  50.00000   50.000000  50.000000  50.000000\n",
       "mean    7.78800  170.760000  65.540000  21.232000\n",
       "std     4.35551   83.337661  14.474763   9.366385\n",
       "min     0.80000   45.000000  32.000000   7.300000\n",
       "25%     4.07500  109.000000  54.500000  15.075000\n",
       "50%     7.25000  159.000000  66.000000  20.100000\n",
       "75%    11.25000  249.000000  77.750000  26.175000\n",
       "max    17.40000  337.000000  91.000000  46.000000"
      ]
     },
     "execution_count": 3,
     "metadata": {},
     "output_type": "execute_result"
    }
   ],
   "source": [
    "USArrests.describe()"
   ]
  },
  {
   "cell_type": "code",
   "execution_count": 4,
   "metadata": {
    "collapsed": false
   },
   "outputs": [
    {
     "data": {
      "text/plain": [
       "Murder        18.970465\n",
       "Assault     6945.165714\n",
       "UrbanPop     209.518776\n",
       "Rape          87.729159\n",
       "dtype: float64"
      ]
     },
     "execution_count": 4,
     "metadata": {},
     "output_type": "execute_result"
    }
   ],
   "source": [
    "USArrests.var()   # USArrests.apply(pd.Series.var, axis=0) 형태로도 가능.  앞에서 std을 보았기에 variation 출력은 사실 불필요 "
   ]
  },
  {
   "cell_type": "markdown",
   "metadata": {},
   "source": [
    "### PCA 직접 만들어 보기 (A simple PCA implementation)\n",
    "- 직접 standardization, covariance matrix, eigen decomposition 하면서 PCA을 체득\n",
    "- 간단한 2 x 2 행렬을 만들어 손으로 계산해 가면서 이해하는 것이 도움 됨   \n",
    "\n",
    "#### 'simple_PCA' : returns eigenvalues, PCs, and principal component scores (transformations)"
   ]
  },
  {
   "cell_type": "code",
   "execution_count": 5,
   "metadata": {
    "collapsed": true
   },
   "outputs": [],
   "source": [
    "def simple_PCA(data_mat):\n",
    "    data_mat_standardized = preprocessing.scale(data_mat, axis=0)  # standardize (zero mean, sd=1)\n",
    "    cov_mat = np.cov(data_mat_standardized, rowvar=False)   # Covariance matrix 생성 \n",
    "    eigen_vals, eigen_vecs = np.linalg.eig(cov_mat)          # eigen value/vector decomposition \n",
    "    idx = np.argsort(np.abs(eigen_vals))[::-1]  # sort abs(eigenvalue) from largest, & return args\n",
    "    pc_loadings = eigen_vecs[:,idx]      # re-arrange eigenvectors along the magniture of eigenvalues \n",
    "    pc_scores = np.dot(data_mat_standardized, pc_loadings)     # Principal Component Score 계산 \n",
    "    return(eigen_vals[idx], pc_loadings, pc_scores)     # 3 tuple 반환 : eigen values, eigen vectors/loadings, PC scores "
   ]
  },
  {
   "cell_type": "code",
   "execution_count": 6,
   "metadata": {
    "collapsed": true
   },
   "outputs": [],
   "source": [
    "# Perform PCA on 'USArrests' with 'simple_PCA' \n",
    "eigen_vals, eigen_vecs, pc_scores = simple_PCA(USArrests)   # eigen_vecs : PCs (loadings)"
   ]
  },
  {
   "cell_type": "code",
   "execution_count": 7,
   "metadata": {
    "collapsed": false
   },
   "outputs": [
    {
     "data": {
      "text/plain": [
       "array([ 2.53085875,  1.00996444,  0.36383998,  0.17696948])"
      ]
     },
     "execution_count": 7,
     "metadata": {},
     "output_type": "execute_result"
    }
   ],
   "source": [
    "eigen_vals"
   ]
  },
  {
   "cell_type": "code",
   "execution_count": 8,
   "metadata": {
    "collapsed": false
   },
   "outputs": [
    {
     "data": {
      "text/plain": [
       "array([[ 0.53589947,  0.41818087, -0.34123273,  0.6492278 ],\n",
       "       [ 0.58318363,  0.1879856 , -0.26814843, -0.74340748],\n",
       "       [ 0.27819087, -0.87280619, -0.37801579,  0.13387773],\n",
       "       [ 0.54343209, -0.16731864,  0.81777791,  0.08902432]])"
      ]
     },
     "execution_count": 8,
     "metadata": {},
     "output_type": "execute_result"
    }
   ],
   "source": [
    "eigen_vecs"
   ]
  },
  {
   "cell_type": "code",
   "execution_count": 9,
   "metadata": {
    "collapsed": false
   },
   "outputs": [
    {
     "data": {
      "text/plain": [
       "array([ 0.98556588,  1.95013775,  1.76316354, -0.14142029,  2.52398013,\n",
       "        1.51456286, -1.35864746,  0.04770931,  3.01304227,  1.63928304,\n",
       "       -0.91265715, -1.63979985,  1.37891072, -0.50546136, -2.25364607,\n",
       "       -0.79688112, -0.75085907,  1.56481798, -2.39682949,  1.76336939,\n",
       "       -0.48616629,  2.10844115, -1.69268181,  0.99649446,  0.69678733,\n",
       "       -1.18545191, -1.26563654,  2.87439454, -2.38391541,  0.18156611,\n",
       "        1.98002375,  1.68257738,  1.12337861, -2.99222562, -0.22596542,\n",
       "       -0.31178286,  0.05912208, -0.88841582, -0.86377206,  1.3207238 ,\n",
       "       -1.98777484,  0.99974168,  1.35513821, -0.55056526, -2.80141174,\n",
       "       -0.09633491, -0.21690338, -2.10858541, -2.07971417, -0.62942666])"
      ]
     },
     "execution_count": 9,
     "metadata": {},
     "output_type": "execute_result"
    }
   ],
   "source": [
    "pc_scores.shape\n",
    "pc_scores[:,0]   # 첫번째(First) PC score "
   ]
  },
  {
   "cell_type": "markdown",
   "metadata": {},
   "source": [
    "\n",
    "\n",
    "### scikit-learn의 PCA를 사용하여 (PCA using scikit-learn) ;"
   ]
  },
  {
   "cell_type": "code",
   "execution_count": 10,
   "metadata": {
    "collapsed": false
   },
   "outputs": [],
   "source": [
    "USArrests_standardized = preprocessing.scale(USArrests, axis=0)  # standardization \n",
    "\n",
    "# Instantiate PCA estimator \n",
    "pca = decomposition.PCA()\n",
    "# fit : PCA 실행 \n",
    "USArrests_PC = pca.fit(USArrests_standardized)"
   ]
  },
  {
   "cell_type": "code",
   "execution_count": 11,
   "metadata": {
    "collapsed": false
   },
   "outputs": [
    {
     "data": {
      "text/plain": [
       "{'components_': array([[ 0.53589947,  0.58318363,  0.27819087,  0.54343209],\n",
       "        [ 0.41818087,  0.1879856 , -0.87280619, -0.16731864],\n",
       "        [-0.34123273, -0.26814843, -0.37801579,  0.81777791],\n",
       "        [ 0.6492278 , -0.74340748,  0.13387773,  0.08902432]]),\n",
       " 'copy': True,\n",
       " 'explained_variance_': array([ 2.48024158,  0.98976515,  0.35656318,  0.17343009]),\n",
       " 'explained_variance_ratio_': array([ 0.62006039,  0.24744129,  0.0891408 ,  0.04335752]),\n",
       " 'iterated_power': 'auto',\n",
       " 'mean_': array([ -7.10542736e-17,   1.38777878e-16,  -4.39648318e-16,\n",
       "          8.59312621e-16]),\n",
       " 'n_components': None,\n",
       " 'n_components_': 4,\n",
       " 'n_features_': 4,\n",
       " 'n_samples_': 50,\n",
       " 'noise_variance_': 0.0,\n",
       " 'random_state': None,\n",
       " 'svd_solver': 'auto',\n",
       " 'tol': 0.0,\n",
       " 'whiten': False}"
      ]
     },
     "execution_count": 11,
     "metadata": {},
     "output_type": "execute_result"
    }
   ],
   "source": [
    "# fit된 PCA 객체에 어떤 것들을 적용할 수 있는지?  See what attributes/operations are there in a PC object\n",
    "vars(USArrests_PC)"
   ]
  },
  {
   "cell_type": "markdown",
   "metadata": {},
   "source": [
    "Signature of attribute ***components_*** : array, [n_components, n_features]    [(PCA 참고)](http://scikit-learn.org/0.17/modules/generated/sklearn.decomposition.PCA.html#sklearn.decomposition.PCA)   "
   ]
  },
  {
   "cell_type": "code",
   "execution_count": 12,
   "metadata": {
    "collapsed": false
   },
   "outputs": [
    {
     "data": {
      "text/plain": [
       "array([[ 0.53589947,  0.58318363,  0.27819087,  0.54343209],\n",
       "       [ 0.41818087,  0.1879856 , -0.87280619, -0.16731864],\n",
       "       [-0.34123273, -0.26814843, -0.37801579,  0.81777791],\n",
       "       [ 0.6492278 , -0.74340748,  0.13387773,  0.08902432]])"
      ]
     },
     "execution_count": 12,
     "metadata": {},
     "output_type": "execute_result"
    }
   ],
   "source": [
    "USArrests_PC.components_   # PC들을 column별 배치하려면 Transpose 해 주어야..."
   ]
  },
  {
   "cell_type": "code",
   "execution_count": 13,
   "metadata": {
    "collapsed": false
   },
   "outputs": [
    {
     "name": "stdout",
     "output_type": "stream",
     "text": [
      "[[ 0.53589947  0.41818087 -0.34123273  0.6492278 ]\n",
      " [ 0.58318363  0.1879856  -0.26814843 -0.74340748]\n",
      " [ 0.27819087 -0.87280619 -0.37801579  0.13387773]\n",
      " [ 0.54343209 -0.16731864  0.81777791  0.08902432]]\n"
     ]
    },
    {
     "data": {
      "text/html": [
       "<div>\n",
       "<table border=\"1\" class=\"dataframe\">\n",
       "  <thead>\n",
       "    <tr style=\"text-align: right;\">\n",
       "      <th></th>\n",
       "      <th>PC1</th>\n",
       "      <th>PC2</th>\n",
       "      <th>PC3</th>\n",
       "      <th>PC4</th>\n",
       "    </tr>\n",
       "  </thead>\n",
       "  <tbody>\n",
       "    <tr>\n",
       "      <th>Murder</th>\n",
       "      <td>0.535899</td>\n",
       "      <td>0.418181</td>\n",
       "      <td>-0.341233</td>\n",
       "      <td>0.649228</td>\n",
       "    </tr>\n",
       "    <tr>\n",
       "      <th>Assault</th>\n",
       "      <td>0.583184</td>\n",
       "      <td>0.187986</td>\n",
       "      <td>-0.268148</td>\n",
       "      <td>-0.743407</td>\n",
       "    </tr>\n",
       "    <tr>\n",
       "      <th>UrbanPop</th>\n",
       "      <td>0.278191</td>\n",
       "      <td>-0.872806</td>\n",
       "      <td>-0.378016</td>\n",
       "      <td>0.133878</td>\n",
       "    </tr>\n",
       "    <tr>\n",
       "      <th>Rape</th>\n",
       "      <td>0.543432</td>\n",
       "      <td>-0.167319</td>\n",
       "      <td>0.817778</td>\n",
       "      <td>0.089024</td>\n",
       "    </tr>\n",
       "  </tbody>\n",
       "</table>\n",
       "</div>"
      ],
      "text/plain": [
       "               PC1       PC2       PC3       PC4\n",
       "Murder    0.535899  0.418181 -0.341233  0.649228\n",
       "Assault   0.583184  0.187986 -0.268148 -0.743407\n",
       "UrbanPop  0.278191 -0.872806 -0.378016  0.133878\n",
       "Rape      0.543432 -0.167319  0.817778  0.089024"
      ]
     },
     "execution_count": 13,
     "metadata": {},
     "output_type": "execute_result"
    }
   ],
   "source": [
    "PCs = pd.DataFrame(USArrests_PC.components_.T, index=USArrests.columns,\n",
    "            columns=['PC1', 'PC2','PC3','PC4'])\n",
    "\n",
    "print(eigen_vecs)   # 'simple_PCA'로 직접 구한 PC loading 들\n",
    "PCs                 # scikit-learn으로 구한 PC loading 들"
   ]
  },
  {
   "cell_type": "markdown",
   "metadata": {
    "collapsed": true
   },
   "source": [
    "Principal component는 부호가 바뀌어도 같으니, 위 두 PC들은 같음. The same results. Note that PC is equivalent on sign reversal "
   ]
  },
  {
   "cell_type": "markdown",
   "metadata": {},
   "source": [
    "#### Principal Component (PC) Score를 구하려면"
   ]
  },
  {
   "cell_type": "code",
   "execution_count": 14,
   "metadata": {
    "collapsed": false
   },
   "outputs": [],
   "source": [
    "PC_scores_sk = USArrests_PC.transform(USArrests_standardized)\n",
    "\n",
    "# 또는 fit_transform()을 사용해 data matrix로 부터 한 번에 구할 수도\n",
    "PC_scores_sk = pca.fit_transform(USArrests_standardized)"
   ]
  },
  {
   "cell_type": "code",
   "execution_count": 15,
   "metadata": {
    "collapsed": false
   },
   "outputs": [
    {
     "data": {
      "text/plain": [
       "array([ 0.98556588,  1.95013775,  1.76316354, -0.14142029,  2.52398013,\n",
       "        1.51456286, -1.35864746,  0.04770931,  3.01304227,  1.63928304,\n",
       "       -0.91265715, -1.63979985,  1.37891072, -0.50546136, -2.25364607,\n",
       "       -0.79688112, -0.75085907,  1.56481798, -2.39682949,  1.76336939,\n",
       "       -0.48616629,  2.10844115, -1.69268181,  0.99649446,  0.69678733,\n",
       "       -1.18545191, -1.26563654,  2.87439454, -2.38391541,  0.18156611,\n",
       "        1.98002375,  1.68257738,  1.12337861, -2.99222562, -0.22596542,\n",
       "       -0.31178286,  0.05912208, -0.88841582, -0.86377206,  1.3207238 ,\n",
       "       -1.98777484,  0.99974168,  1.35513821, -0.55056526, -2.80141174,\n",
       "       -0.09633491, -0.21690338, -2.10858541, -2.07971417, -0.62942666])"
      ]
     },
     "execution_count": 15,
     "metadata": {},
     "output_type": "execute_result"
    }
   ],
   "source": [
    "pc_scores[:,0]      # 'simple_PCA'를 이용해 Covariance Matrix & Eigen value/vector 방식으로 직접 구한 것 "
   ]
  },
  {
   "cell_type": "code",
   "execution_count": 16,
   "metadata": {
    "collapsed": false
   },
   "outputs": [
    {
     "data": {
      "text/plain": [
       "array([ 0.98556588,  1.95013775,  1.76316354, -0.14142029,  2.52398013,\n",
       "        1.51456286, -1.35864746,  0.04770931,  3.01304227,  1.63928304,\n",
       "       -0.91265715, -1.63979985,  1.37891072, -0.50546136, -2.25364607,\n",
       "       -0.79688112, -0.75085907,  1.56481798, -2.39682949,  1.76336939,\n",
       "       -0.48616629,  2.10844115, -1.69268181,  0.99649446,  0.69678733,\n",
       "       -1.18545191, -1.26563654,  2.87439454, -2.38391541,  0.18156611,\n",
       "        1.98002375,  1.68257738,  1.12337861, -2.99222562, -0.22596542,\n",
       "       -0.31178286,  0.05912208, -0.88841582, -0.86377206,  1.3207238 ,\n",
       "       -1.98777484,  0.99974168,  1.35513821, -0.55056526, -2.80141174,\n",
       "       -0.09633491, -0.21690338, -2.10858541, -2.07971417, -0.62942666])"
      ]
     },
     "execution_count": 16,
     "metadata": {},
     "output_type": "execute_result"
    }
   ],
   "source": [
    "PC_scores_sk[:,0]   # sckikit-learn의 PCA로 구한 것 "
   ]
  },
  {
   "cell_type": "markdown",
   "metadata": {
    "collapsed": true
   },
   "source": [
    "- 같다 (of course the two results are the same, with sign reversed) "
   ]
  },
  {
   "cell_type": "markdown",
   "metadata": {},
   "source": [
    "### biplot \n",
    "A biplot is plot which aims to represent both the observations and variables of a matrix of multivariate data on the same plot. \n",
    "- biplot template 만들어보자. 여기서는 PC Loading과 Score를 하나의 figure에 표시하는 법.  \n",
    "- 하나의 figure에 두개의 서브 plot. 두 sub plot들이 서로 scale이 다르다 \n",
    "- Refer: [참고1](http://matplotlib.org/examples/axes_grid/demo_parasite_axes2.html), [참고2](http://matplotlib.org/examples/api/two_scales.html#api-two-scales), [참고3](https://github.com/JWarmenhoven/ISLR-python/blob/master/Notebooks/Chapter%2010.ipynb)"
   ]
  },
  {
   "cell_type": "code",
   "execution_count": 17,
   "metadata": {
    "collapsed": false,
    "scrolled": true
   },
   "outputs": [
    {
     "data": {
      "text/plain": [
       "<matplotlib.text.Text at 0x7f27b2949898>"
      ]
     },
     "execution_count": 17,
     "metadata": {},
     "output_type": "execute_result"
    },
    {
     "data": {
